288 0 3 0.0 2.4974 1.4419 2.404
289 0 3 0.0 2.4974 4.3256 2.404
290 0 3 0.0 2.4974 7.2094 2.404
291 0 3 0.0 2.4974 10.0932 2.404
292 0 3 0.0 2.4974 12.9769 2.404
293 0 3 0.0 2.4974 15.8607 2.404
294 0 3 0.0 2.4974 18.7444 2.404
295 0 3 0.0 2.4974 21.6282 2.404
296 0 3 0.0 2.4974 24.5119 2.404
297 0 3 0.0 7.4922 1.4419 2.404
298 0 3 0.0 7.4922 4.3256 2.404
299 0 3 0.0 7.4922 7.2094 2.404
300 0 3 0.0 7.4922 10.0932 2.404
301 0 3 0.0 7.4922 12.9769 2.404
302 0 3 0.0 7.4922 15.8607 2.404
303 0 3 0.0 7.4922 18.7444 2.404
304 0 3 0.0 7.4922 21.6282 2.404
305 0 3 0.0 7.4922 24.5119 2.404
306 0 3 0.0 12.487 1.4419 2.404
307 0 3 0.0 12.487 4.3256 2.404
308 0 3 0.0 12.487 7.2094 2.404
309 0 3 0.0 12.487 10.0932 2.404
310 0 3 0.0 12.487 12.9769 2.404
311 0 3 0.0 12.487 15.8607 2.404
312 0 3 0.0 12.487 18.7444 2.404
313 0 3 0.0 12.487 21.6282 2.404
314 0 3 0.0 12.487 24.5119 2.404
315 0 3 0.0 17.4819 1.4419 2.404
316 0 3 0.0 17.4819 4.3256 2.404
317 0 3 0.0 17.4819 7.2094 2.404
318 0 3 0.0 17.4819 10.0932 2.404
319 0 3 0.0 17.4819 12.9769 2.404
320 0 3 0.0 17.4819 15.8607 2.404
321 0 3 0.0 17.4819 18.7444 2.404
322 0 3 0.0 17.4819 21.6282 2.404
323 0 3 0.0 17.4819 24.5119 2.404
324 0 3 0.0 22.4767 1.4419 2.404
325 0 3 0.0 22.4767 4.3256 2.404
326 0 3 0.0 22.4767 7.2094 2.404
327 0 3 0.0 22.4767 10.0932 2.404
328 0 3 0.0 22.4767 12.9769 2.404
329 0 3 0.0 22.4767 15.8607 2.404
330 0 3 0.0 22.4767 18.7444 2.404
331 0 3 0.0 22.4767 21.6282 2.404
332 0 3 0.0 22.4767 24.5119 2.404
333 0 3 0.0 0.0 0.0 2.404
334 0 3 0.0 0.0 2.8838 2.404
335 0 3 0.0 0.0 5.7675 2.404
336 0 3 0.0 0.0 8.6513 2.404
337 0 3 0.0 0.0 11.535 2.404
338 0 3 0.0 0.0 14.4188 2.404
339 0 3 0.0 0.0 17.3026 2.404
340 0 3 0.0 0.0 20.1863 2.404
341 0 3 0.0 0.0 23.0701 2.404
342 0 3 0.0 4.9948 0.0 2.404
343 0 3 0.0 4.9948 2.8838 2.404
344 0 3 0.0 4.9948 5.7675 2.404
345 0 3 0.0 4.9948 8.6513 2.404
346 0 3 0.0 4.9948 11.535 2.404
347 0 3 0.0 4.9948 14.4188 2.404
348 0 3 0.0 4.9948 17.3025 2.404
349 0 3 0.0 4.9948 20.1863 2.404
350 0 3 0.0 4.9948 23.0701 2.404
351 0 3 0.0 9.9896 0.0 2.404
352 0 3 0.0 9.9896 2.8838 2.404
353 0 3 0.0 9.9896 5.7675 2.404
354 0 3 0.0 9.9896 8.6513 2.404
355 0 3 0.0 9.9896 11.535 2.404
356 0 3 0.0 9.9896 14.4188 2.404
357 0 3 0.0 9.9896 17.3025 2.404
358 0 3 0.0 9.9896 20.1863 2.404
359 0 3 0.0 9.9896 23.0701 2.404
360 0 3 0.0 14.9844 0.0 2.404
361 0 3 0.0 14.9844 2.8838 2.404
362 0 3 0.0 14.9844 5.7675 2.404
363 0 3 0.0 14.9844 8.6513 2.404
364 0 3 0.0 14.9844 11.535 2.404
365 0 3 0.0 14.9844 14.4188 2.404
366 0 3 0.0 14.9844 17.3026 2.404
367 0 3 0.0 14.9845 20.1863 2.404
368 0 3 0.0 14.9844 23.0701 2.404
369 0 3 0.0 19.9793 0.0 2.404
370 0 3 0.0 19.9793 2.8838 2.404
371 0 3 0.0 19.9793 5.7675 2.404
372 0 3 0.0 19.9793 8.6513 2.404
373 0 3 0.0 19.9793 11.535 2.404
374 0 3 0.0 19.9793 14.4188 2.404
375 0 3 0.0 19.9793 17.3025 2.404
376 0 3 0.0 19.9793 20.1863 2.404
377 0 3 0.0 19.9793 23.0701 2.404
378 0 3 0.0 27.4715 1.4419 2.404
379 0 3 0.0 27.4715 4.3256 2.404
380 0 3 0.0 27.4715 7.2094 2.404
381 0 3 0.0 27.4715 10.0932 2.404
382 0 3 0.0 27.4715 12.9769 2.404
383 0 3 0.0 27.4715 15.8607 2.404
384 0 3 0.0 27.4715 18.7444 2.404
385 0 3 0.0 27.4715 21.6282 2.404
386 0 3 0.0 27.4715 24.5119 2.404
387 0 3 0.0 32.4663 1.4419 2.404
388 0 3 0.0 32.4663 4.3256 2.404
389 0 3 0.0 32.4663 7.2094 2.404
390 0 3 0.0 32.4663 10.0932 2.404
391 0 3 0.0 32.4663 12.9769 2.404
392 0 3 0.0 32.4663 15.8607 2.404
393 0 3 0.0 32.4663 18.7444 2.404
394 0 3 0.0 32.4663 21.6282 2.404
395 0 3 0.0 32.4663 24.5119 2.404
396 0 3 0.0 37.4611 1.4419 2.404
397 0 3 0.0 37.4611 4.3256 2.404
398 0 3 0.0 37.4611 7.2094 2.404
399 0 3 0.0 37.4611 10.0932 2.404
400 0 3 0.0 37.4611 12.9769 2.404
401 0 3 0.0 37.4611 15.8607 2.404
402 0 3 0.0 37.4611 18.7444 2.404
403 0 3 0.0 37.4611 21.6282 2.404
404 0 3 0.0 37.4611 24.5119 2.404
405 0 3 0.0 42.456 1.4419 2.404
406 0 3 0.0 42.456 4.3256 2.404
407 0 3 0.0 42.456 7.2094 2.404
408 0 3 0.0 42.456 10.0932 2.404
409 0 3 0.0 42.456 12.9769 2.404
410 0 3 0.0 42.456 15.8607 2.404
411 0 3 0.0 42.456 18.7444 2.404
412 0 3 0.0 42.456 21.6282 2.404
413 0 3 0.0 42.456 24.5119 2.404
414 0 3 0.0 47.4508 1.4419 2.404
415 0 3 0.0 47.4508 4.3256 2.404
416 0 3 0.0 47.4508 7.2094 2.404
417 0 3 0.0 47.4508 10.0932 2.404
418 0 3 0.0 47.4508 12.9769 2.404
419 0 3 0.0 47.4508 15.8607 2.404
420 0 3 0.0 47.4508 18.7444 2.404
421 0 3 0.0 47.4508 21.6282 2.404
422 0 3 0.0 47.4508 24.5119 2.404
423 0 3 0.0 24.9741 0.0 2.404
424 0 3 0.0 24.9741 2.8838 2.404
425 0 3 0.0 24.9741 5.7675 2.404
426 0 3 0.0 24.9741 8.6513 2.404
427 0 3 0.0 24.9741 11.535 2.404
428 0 3 0.0 24.9741 14.4188 2.404
429 0 3 0.0 24.9741 17.3026 2.404
430 0 3 0.0 24.9741 20.1863 2.404
431 0 3 0.0 24.9741 23.0701 2.404
432 0 3 0.0 29.9689 0.0 2.404
433 0 3 0.0 29.9689 2.8838 2.404
434 0 3 0.0 29.9689 5.7675 2.404
435 0 3 0.0 29.9689 8.6513 2.404
436 0 3 0.0 29.9689 11.535 2.404
437 0 3 0.0 29.9689 14.4188 2.404
438 0 3 0.0 29.9689 17.3025 2.404
439 0 3 0.0 29.9689 20.1863 2.404
440 0 3 0.0 29.9689 23.0701 2.404
441 0 3 0.0 34.9637 0.0 2.404
442 0 3 0.0 34.9637 2.8838 2.404
443 0 3 0.0 34.9637 5.7675 2.404
444 0 3 0.0 34.9637 8.6513 2.404
445 0 3 0.0 34.9637 11.535 2.404
446 0 3 0.0 34.9637 14.4188 2.404
447 0 3 0.0 34.9637 17.3025 2.404
448 0 3 0.0 34.9637 20.1863 2.404
449 0 3 0.0 34.9637 23.0701 2.404
450 0 3 0.0 39.9585 0.0 2.404
451 0 3 0.0 39.9585 2.8838 2.404
452 0 3 0.0 39.9585 5.7675 2.404
453 0 3 0.0 39.9585 8.6513 2.404
454 0 3 0.0 39.9585 11.535 2.404
455 0 3 0.0 39.9585 14.4188 2.404
456 0 3 0.0 39.9585 17.3026 2.404
457 0 3 0.0 39.9586 20.1863 2.404
458 0 3 0.0 39.9585 23.0701 2.404
459 0 3 0.0 44.9534 0.0 2.404
460 0 3 0.0 44.9534 2.8838 2.404
461 0 3 0.0 44.9534 5.7675 2.404
462 0 3 0.0 44.9534 8.6513 2.404
463 0 3 0.0 44.9534 11.535 2.404
464 0 3 0.0 44.9534 14.4188 2.404
465 0 3 0.0 44.9534 17.3025 2.404
466 0 3 0.0 44.9534 20.1863 2.404
467 0 3 0.0 44.9534 23.0701 2.404
468 0 3 0.0 2.4974 27.3957 2.404
469 0 3 0.0 2.4974 30.2794 2.404
470 0 3 0.0 2.4974 33.1632 2.404
471 0 3 0.0 2.4974 36.047 2.404
472 0 3 0.0 2.4974 38.9307 2.404
473 0 3 0.0 2.4974 41.8145 2.404
474 0 3 0.0 2.4974 44.6982 2.404
475 0 3 0.0 2.4974 47.582 2.404
476 0 3 0.0 2.4974 50.4657 2.404
477 0 3 0.0 7.4922 27.3957 2.404
478 0 3 0.0 7.4922 30.2794 2.404
479 0 3 0.0 7.4922 33.1632 2.404
480 0 3 0.0 7.4922 36.047 2.404
481 0 3 0.0 7.4922 38.9307 2.404
482 0 3 0.0 7.4922 41.8145 2.404
483 0 3 0.0 7.4922 44.6982 2.404
484 0 3 0.0 7.4922 47.582 2.404
485 0 3 0.0 7.4922 50.4657 2.404
486 0 3 0.0 12.487 27.3957 2.404
487 0 3 0.0 12.487 30.2794 2.404
488 0 3 0.0 12.487 33.1632 2.404
489 0 3 0.0 12.487 36.047 2.404
490 0 3 0.0 12.487 38.9307 2.404
491 0 3 0.0 12.487 41.8145 2.404
492 0 3 0.0 12.487 44.6982 2.404
493 0 3 0.0 12.487 47.582 2.404
494 0 3 0.0 12.487 50.4657 2.404
495 0 3 0.0 17.4819 27.3957 2.404
496 0 3 0.0 17.4819 30.2794 2.404
497 0 3 0.0 17.4819 33.1632 2.404
498 0 3 0.0 17.4819 36.047 2.404
499 0 3 0.0 17.4819 38.9307 2.404
500 0 3 0.0 17.4819 41.8145 2.404
501 0 3 0.0 17.4819 44.6982 2.404
502 0 3 0.0 17.4819 47.582 2.404
503 0 3 0.0 17.4819 50.4657 2.404
504 0 3 0.0 22.4767 27.3957 2.404
505 0 3 0.0 22.4767 30.2794 2.404
506 0 3 0.0 22.4767 33.1632 2.404
507 0 3 0.0 22.4767 36.047 2.404
508 0 3 0.0 22.4767 38.9307 2.404
509 0 3 0.0 22.4767 41.8145 2.404
510 0 3 0.0 22.4767 44.6982 2.404
511 0 3 0.0 22.4767 47.582 2.404
512 0 3 0.0 22.4767 50.4657 2.404
513 0 3 0.0 0.0 25.9538 2.404
514 0 3 0.0 0.0 28.8376 2.404
515 0 3 0.0 0.0 31.7213 2.404
516 0 3 0.0 0.0 34.6051 2.404
517 0 3 0.0 0.0 37.4888 2.404
518 0 3 0.0 0.0 40.3726 2.404
519 0 3 0.0 0.0 43.2564 2.404
520 0 3 0.0 0.0 46.1401 2.404
521 0 3 0.0 0.0 49.0239 2.404
522 0 3 0.0 4.9948 25.9538 2.404
523 0 3 0.0 4.9948 28.8376 2.404
524 0 3 0.0 4.9948 31.7213 2.404
525 0 3 0.0 4.9948 34.6051 2.404
526 0 3 0.0 4.9948 37.4888 2.404
527 0 3 0.0 4.9948 40.3726 2.404
528 0 3 0.0 4.9948 43.2563 2.404
529 0 3 0.0 4.9948 46.1401 2.404
530 0 3 0.0 4.9948 49.0239 2.404
531 0 3 0.0 9.9896 25.9538 2.404
532 0 3 0.0 9.9896 28.8376 2.404
533 0 3 0.0 9.9896 31.7213 2.404
534 0 3 0.0 9.9896 34.6051 2.404
535 0 3 0.0 9.9896 37.4888 2.404
536 0 3 0.0 9.9896 40.3726 2.404
537 0 3 0.0 9.9896 43.2563 2.404
538 0 3 0.0 9.9896 46.1401 2.404
539 0 3 0.0 9.9896 49.0239 2.404
540 0 3 0.0 14.9844 25.9538 2.404
541 0 3 0.0 14.9844 28.8376 2.404
542 0 3 0.0 14.9844 31.7213 2.404
543 0 3 0.0 14.9844 34.6051 2.404
544 0 3 0.0 14.9844 37.4888 2.404
545 0 3 0.0 14.9844 40.3726 2.404
546 0 3 0.0 14.9844 43.2564 2.404
547 0 3 0.0 14.9845 46.1401 2.404
548 0 3 0.0 14.9844 49.0239 2.404
549 0 3 0.0 19.9793 25.9538 2.404
550 0 3 0.0 19.9793 28.8376 2.404
551 0 3 0.0 19.9793 31.7213 2.404
552 0 3 0.0 19.9793 34.6051 2.404
553 0 3 0.0 19.9793 37.4888 2.404
554 0 3 0.0 19.9793 40.3726 2.404
555 0 3 0.0 19.9793 43.2563 2.404
556 0 3 0.0 19.9793 46.1401 2.404
557 0 3 0.0 19.9793 49.0239 2.404
558 0 3 0.0 27.4715 27.3957 2.404
559 0 3 0.0 27.4715 30.2794 2.404
560 0 3 0.0 27.4715 33.1632 2.404
561 0 3 0.0 27.4715 36.047 2.404
562 0 3 0.0 27.4715 38.9307 2.404
563 0 3 0.0 27.4715 41.8145 2.404
564 0 3 0.0 27.4715 44.6982 2.404
565 0 3 0.0 27.4715 47.582 2.404
566 0 3 0.0 27.4715 50.4657 2.404
567 0 3 0.0 32.4663 27.3957 2.404
568 0 3 0.0 32.4663 30.2794 2.404
569 0 3 0.0 32.4663 33.1632 2.404
570 0 3 0.0 32.4663 36.047 2.404
571 0 3 0.0 32.4663 38.9307 2.404
572 0 3 0.0 32.4663 41.8145 2.404
573 0 3 0.0 32.4663 44.6982 2.404
574 0 3 0.0 32.4663 47.582 2.404
575 0 3 0.0 32.4663 50.4657 2.404
576 0 3 0.0 37.4611 27.3957 2.404
577 0 3 0.0 37.4611 30.2794 2.404
578 0 3 0.0 37.4611 33.1632 2.404
579 0 3 0.0 37.4611 36.047 2.404
580 0 3 0.0 37.4611 38.9307 2.404
581 0 3 0.0 37.4611 41.8145 2.404
582 0 3 0.0 37.4611 44.6982 2.404
583 0 3 0.0 37.4611 47.582 2.404
584 0 3 0.0 37.4611 50.4657 2.404
585 0 3 0.0 42.456 27.3957 2.404
586 0 3 0.0 42.456 30.2794 2.404
587 0 3 0.0 42.456 33.1632 2.404
588 0 3 0.0 42.456 36.047 2.404
589 0 3 0.0 42.456 38.9307 2.404
590 0 3 0.0 42.456 41.8145 2.404
591 0 3 0.0 42.456 44.6982 2.404
592 0 3 0.0 42.456 47.582 2.404
593 0 3 0.0 42.456 50.4657 2.404
594 0 3 0.0 47.4508 27.3957 2.404
595 0 3 0.0 47.4508 30.2794 2.404
596 0 3 0.0 47.4508 33.1632 2.404
597 0 3 0.0 47.4508 36.047 2.404
598 0 3 0.0 47.4508 38.9307 2.404
599 0 3 0.0 47.4508 41.8145 2.404
600 0 3 0.0 47.4508 44.6982 2.404
601 0 3 0.0 47.4508 47.582 2.404
602 0 3 0.0 47.4508 50.4657 2.404
603 0 3 0.0 24.9741 25.9538 2.404
604 0 3 0.0 24.9741 28.8376 2.404
605 0 3 0.0 24.9741 31.7213 2.404
606 0 3 0.0 24.9741 34.6051 2.404
607 0 3 0.0 24.9741 37.4888 2.404
608 0 3 0.0 24.9741 40.3726 2.404
609 0 3 0.0 24.9741 43.2564 2.404
610 0 3 0.0 24.9741 46.1401 2.404
611 0 3 0.0 24.9741 49.0239 2.404
612 0 3 0.0 29.9689 25.9538 2.404
613 0 3 0.0 29.9689 28.8376 2.404
614 0 3 0.0 29.9689 31.7213 2.404
615 0 3 0.0 29.9689 34.6051 2.404
616 0 3 0.0 29.9689 37.4888 2.404
617 0 3 0.0 29.9689 40.3726 2.404
618 0 3 0.0 29.9689 43.2563 2.404
619 0 3 0.0 29.9689 46.1401 2.404
620 0 3 0.0 29.9689 49.0239 2.404
621 0 3 0.0 34.9637 25.9538 2.404
622 0 3 0.0 34.9637 28.8376 2.404
623 0 3 0.0 34.9637 31.7213 2.404
624 0 3 0.0 34.9637 34.6051 2.404
625 0 3 0.0 34.9637 37.4888 2.404
626 0 3 0.0 34.9637 40.3726 2.404
627 0 3 0.0 34.9637 43.2563 2.404
628 0 3 0.0 34.9637 46.1401 2.404
629 0 3 0.0 34.9637 49.0239 2.404
630 0 3 0.0 39.9585 25.9538 2.404
631 0 3 0.0 39.9585 28.8376 2.404
632 0 3 0.0 39.9585 31.7213 2.404
633 0 3 0.0 39.9585 34.6051 2.404
634 0 3 0.0 39.9585 37.4888 2.404
635 0 3 0.0 39.9585 40.3726 2.404
636 0 3 0.0 39.9585 43.2564 2.404
637 0 3 0.0 39.9586 46.1401 2.404
638 0 3 0.0 39.9585 49.0239 2.404
639 0 3 0.0 44.9534 25.9538 2.404
640 0 3 0.0 44.9534 28.8376 2.404
641 0 3 0.0 44.9534 31.7213 2.404
642 0 3 0.0 44.9534 34.6051 2.404
643 0 3 0.0 44.9534 37.4888 2.404
644 0 3 0.0 44.9534 40.3726 2.404
645 0 3 0.0 44.9534 43.2563 2.404
646 0 3 0.0 44.9534 46.1401 2.404
647 0 3 0.0 44.9534 49.0239 2.404
