2 0 2 0.0 21.469 27.469 50.6787
3 0 2 0.0 18.7938 26.5772 53.2102
4 0 2 0.0 20.5772 24.7938 53.2102
5 0 2 0.0 20.5772 26.5772 51.5226
6 0 2 0.0 21.469 25.6855 52.3663
7 0 2 0.0 22.3608 26.5772 53.2102
8 0 2 0.0 19.6855 27.469 52.3663
9 0 2 0.0 20.5772 28.3608 53.2102
10 0 2 0.0 22.3608 28.3608 51.5226
11 0 2 0.0 17.902 25.6855 55.7417
12 0 2 0.0 19.6855 23.902 55.7417
13 0 2 0.0 19.6855 25.6855 54.054
14 0 2 0.0 18.7938 24.7938 54.8979
15 0 2 0.0 20.5772 26.5772 54.8979
16 0 2 0.0 21.469 23.902 54.054
17 0 2 0.0 21.469 25.6855 55.7417
18 0 2 0.0 22.3608 24.7938 54.8979
19 0 2 0.0 17.902 27.469 54.054
20 0 2 0.0 19.6855 27.469 55.7417
21 0 2 0.0 18.7938 28.3608 54.8979
22 0 2 0.0 21.469 27.469 54.054
23 0 2 0.0 22.3608 28.3608 54.8979
24 0 2 0.0 23.2525 27.469 52.3663
25 0 2 0.0 24.1442 28.3608 53.2102
26 0 2 0.0 23.2525 23.902 55.7417
27 0 2 0.0 23.2525 25.6855 54.054
28 0 2 0.0 24.1442 26.5772 54.8979
29 0 2 0.0 25.036 25.6855 55.7417
30 0 2 0.0 23.2525 27.469 55.7417
31 0 2 0.0 25.036 27.469 54.054
32 0 2 0.0 21.469 29.2525 52.3663
33 0 2 0.0 22.3608 30.1442 53.2102
34 0 2 0.0 17.902 29.2525 55.7417
35 0 2 0.0 19.6855 29.2525 54.054
36 0 2 0.0 20.5772 30.1442 54.8979
37 0 2 0.0 21.469 29.2525 55.7417
38 0 2 0.0 19.6855 31.036 55.7417
39 0 2 0.0 21.469 31.036 54.054
40 0 2 0.0 23.2525 29.2525 54.054
41 0 2 0.0 24.1442 30.1442 54.8979
42 0 2 0.0 25.036 29.2525 55.7417
43 0 2 0.0 23.2525 31.036 55.7417
44 0 2 0.0 15.2268 23.0102 59.961
45 0 2 0.0 17.0102 21.2268 59.961
46 0 2 0.0 17.0102 23.0102 58.2733
47 0 2 0.0 16.1185 22.1185 60.8048
48 0 2 0.0 18.7938 23.0102 56.5856
49 0 2 0.0 22.3608 23.0102 56.5856
50 0 2 0.0 17.902 22.1185 59.1171
51 0 2 0.0 19.6855 22.1185 57.4294
52 0 2 0.0 18.7938 23.0102 59.961
53 0 2 0.0 20.5772 21.2268 59.961
54 0 2 0.0 20.5772 23.0102 58.2733
55 0 2 0.0 21.469 22.1185 59.1171
56 0 2 0.0 22.3608 21.2268 58.2733
57 0 2 0.0 22.3608 23.0102 59.961
58 0 2 0.0 17.902 20.335 60.8048
59 0 2 0.0 19.6855 22.1185 60.8048
60 0 2 0.0 21.469 20.335 60.8048
61 0 2 0.0 23.2525 22.1185 57.4294
62 0 2 0.0 24.1442 21.2268 59.961
63 0 2 0.0 24.1442 23.0102 58.2733
64 0 2 0.0 25.036 22.1185 59.1171
65 0 2 0.0 25.9278 23.0102 59.961
66 0 2 0.0 23.2525 22.1185 60.8048
67 0 2 0.0 25.036 20.335 60.8048
68 0 2 0.0 26.8195 22.1185 60.8048
69 0 2 0.0 17.0102 24.7938 56.5856
70 0 2 0.0 17.0102 28.3608 56.5856
71 0 2 0.0 16.1185 23.902 59.1171
72 0 2 0.0 16.1185 25.6855 57.4294
73 0 2 0.0 15.2268 26.5772 59.961
74 0 2 0.0 17.0102 24.7938 59.961
75 0 2 0.0 17.0102 26.5772 58.2733
76 0 2 0.0 16.1185 27.469 59.1171
77 0 2 0.0 15.2268 28.3608 58.2733
78 0 2 0.0 17.0102 28.3608 59.961
79 0 2 0.0 14.335 23.902 60.8048
80 0 2 0.0 16.1185 25.6855 60.8048
81 0 2 0.0 14.335 27.469 60.8048
82 0 2 0.0 18.7938 26.5772 56.5856
83 0 2 0.0 20.5772 24.7938 56.5856
84 0 2 0.0 22.3608 26.5772 56.5856
85 0 2 0.0 20.5772 28.3608 56.5856
86 0 2 0.0 17.902 23.902 57.4294
87 0 2 0.0 17.902 25.6855 59.1171
88 0 2 0.0 19.6855 23.902 59.1171
89 0 2 0.0 19.6855 25.6855 57.4294
90 0 2 0.0 18.7938 24.7938 58.2733
91 0 2 0.0 18.7938 26.5772 59.961
92 0 2 0.0 20.5772 24.7938 59.961
93 0 2 0.0 20.5772 26.5772 58.2733
94 0 2 0.0 21.469 23.902 57.4294
95 0 2 0.0 21.469 25.6855 59.1171
96 0 2 0.0 22.3608 24.7938 58.2733
97 0 2 0.0 22.3608 26.5772 59.961
98 0 2 0.0 17.902 27.469 57.4294
99 0 2 0.0 19.6855 27.469 59.1171
100 0 2 0.0 18.7938 28.3608 58.2733
101 0 2 0.0 20.5772 28.3608 59.961
102 0 2 0.0 21.469 27.469 57.4294
103 0 2 0.0 22.3608 28.3608 58.2733
104 0 2 0.0 17.902 23.902 60.8048
105 0 2 0.0 19.6855 25.6855 60.8048
106 0 2 0.0 21.469 23.902 60.8048
107 0 2 0.0 17.902 27.469 60.8048
108 0 2 0.0 21.469 27.469 60.8048
109 0 2 0.0 24.1442 24.7938 56.5856
110 0 2 0.0 25.9278 26.5772 56.5856
111 0 2 0.0 24.1442 28.3608 56.5856
112 0 2 0.0 23.2525 23.902 59.1171
113 0 2 0.0 23.2525 25.6855 57.4294
114 0 2 0.0 24.1442 24.7938 59.961
115 0 2 0.0 24.1442 26.5772 58.2733
116 0 2 0.0 25.036 23.902 57.4294
117 0 2 0.0 25.036 25.6855 59.1171
118 0 2 0.0 26.8195 23.902 59.1171
119 0 2 0.0 26.8195 25.6855 57.4294
120 0 2 0.0 25.9278 24.7938 58.2733
121 0 2 0.0 25.9278 26.5772 59.961
122 0 2 0.0 27.7112 24.7938 59.961
123 0 2 0.0 27.7112 26.5772 58.2733
124 0 2 0.0 23.2525 27.469 59.1171
125 0 2 0.0 24.1442 28.3608 59.961
126 0 2 0.0 25.036 27.469 57.4294
127 0 2 0.0 26.8195 27.469 59.1171
128 0 2 0.0 25.9278 28.3608 58.2733
129 0 2 0.0 27.7112 28.3608 59.961
130 0 2 0.0 23.2525 25.6855 60.8048
131 0 2 0.0 25.036 23.902 60.8048
132 0 2 0.0 26.8195 25.6855 60.8048
133 0 2 0.0 25.036 27.469 60.8048
134 0 2 0.0 28.603 23.902 60.8048
135 0 2 0.0 28.603 27.469 60.8048
136 0 2 0.0 16.1185 29.2525 57.4294
137 0 2 0.0 15.2268 30.1442 59.961
138 0 2 0.0 17.0102 30.1442 58.2733
139 0 2 0.0 16.1185 31.036 59.1171
140 0 2 0.0 17.0102 31.9278 59.961
141 0 2 0.0 16.1185 29.2525 60.8048
142 0 2 0.0 14.335 31.036 60.8048
143 0 2 0.0 16.1185 32.8195 60.8048
144 0 2 0.0 18.7938 30.1442 56.5856
145 0 2 0.0 22.3608 30.1442 56.5856
146 0 2 0.0 20.5772 31.9278 56.5856
147 0 2 0.0 17.902 29.2525 59.1171
148 0 2 0.0 19.6855 29.2525 57.4294
149 0 2 0.0 18.7938 30.1442 59.961
150 0 2 0.0 20.5772 30.1442 58.2733
151 0 2 0.0 21.469 29.2525 59.1171
152 0 2 0.0 22.3608 30.1442 59.961
153 0 2 0.0 17.902 31.036 57.4294
154 0 2 0.0 17.902 32.8195 59.1171
155 0 2 0.0 19.6855 31.036 59.1171
156 0 2 0.0 19.6855 32.8195 57.4294
157 0 2 0.0 18.7938 31.9278 58.2733
158 0 2 0.0 18.7938 33.7112 59.961
159 0 2 0.0 20.5772 31.9278 59.961
160 0 2 0.0 20.5772 33.7112 58.2733
161 0 2 0.0 21.469 31.036 57.4294
162 0 2 0.0 21.469 32.8195 59.1171
163 0 2 0.0 22.3608 31.9278 58.2733
164 0 2 0.0 22.3608 33.7112 59.961
165 0 2 0.0 19.6855 29.2525 60.8048
166 0 2 0.0 17.902 31.036 60.8048
167 0 2 0.0 19.6855 32.8195 60.8048
168 0 2 0.0 21.469 31.036 60.8048
169 0 2 0.0 25.9278 30.1442 56.5856
170 0 2 0.0 24.1442 31.9278 56.5856
171 0 2 0.0 23.2525 29.2525 57.4294
172 0 2 0.0 24.1442 30.1442 58.2733
173 0 2 0.0 25.036 29.2525 59.1171
174 0 2 0.0 26.8195 29.2525 57.4294
175 0 2 0.0 25.9278 30.1442 59.961
176 0 2 0.0 23.2525 31.036 59.1171
177 0 2 0.0 23.2525 32.8195 57.4294
178 0 2 0.0 24.1442 31.9278 59.961
179 0 2 0.0 25.036 31.036 57.4294
180 0 2 0.0 25.036 32.8195 59.1171
181 0 2 0.0 26.8195 31.036 59.1171
182 0 2 0.0 25.9278 31.9278 58.2733
183 0 2 0.0 25.9278 33.7112 59.961
184 0 2 0.0 27.7112 31.9278 59.961
185 0 2 0.0 23.2525 29.2525 60.8048
186 0 2 0.0 26.8195 29.2525 60.8048
187 0 2 0.0 23.2525 32.8195 60.8048
188 0 2 0.0 25.036 31.036 60.8048
189 0 2 0.0 26.8195 32.8195 60.8048
190 0 2 0.0 28.603 29.2525 59.1171
191 0 2 0.0 28.603 31.036 60.8048
192 0 2 0.0 17.902 34.603 60.8048
193 0 2 0.0 21.469 34.603 60.8048
194 0 2 0.0 23.2525 34.603 59.1171
195 0 2 0.0 25.036 34.603 60.8048
196 0 2 0.0 14.335 22.1185 62.4925
197 0 2 0.0 16.1185 20.335 62.4925
198 0 2 0.0 15.2268 21.2268 61.6486
199 0 2 0.0 17.0102 23.0102 61.6486
200 0 2 0.0 17.902 18.5515 62.4925
201 0 2 0.0 20.5772 19.4432 61.6486
202 0 2 0.0 21.469 18.5515 62.4925
203 0 2 0.0 17.902 22.1185 62.4925
204 0 2 0.0 19.6855 20.335 62.4925
205 0 2 0.0 18.7938 21.2268 61.6486
206 0 2 0.0 20.5772 23.0102 61.6486
207 0 2 0.0 21.469 22.1185 62.4925
208 0 2 0.0 22.3608 21.2268 61.6486
209 0 2 0.0 24.1442 19.4432 61.6486
210 0 2 0.0 25.036 18.5515 62.4925
211 0 2 0.0 23.2525 20.335 62.4925
212 0 2 0.0 24.1442 23.0102 61.6486
213 0 2 0.0 25.036 22.1185 62.4925
214 0 2 0.0 26.8195 20.335 62.4925
215 0 2 0.0 25.9278 21.2268 61.6486
216 0 2 0.0 27.7112 23.0102 61.6486
217 0 2 0.0 28.603 22.1185 62.4925
218 0 2 0.0 12.5515 23.902 62.4925
219 0 2 0.0 13.4432 26.5772 61.6486
220 0 2 0.0 14.335 25.6855 62.4925
221 0 2 0.0 16.1185 23.902 62.4925
222 0 2 0.0 15.2268 24.7938 61.6486
223 0 2 0.0 17.0102 26.5772 61.6486
224 0 2 0.0 12.5515 27.469 62.4925
225 0 2 0.0 16.1185 27.469 62.4925
226 0 2 0.0 15.2268 28.3608 61.6486
227 0 2 0.0 17.902 25.6855 62.4925
228 0 2 0.0 19.6855 23.902 62.4925
229 0 2 0.0 18.7938 24.7938 61.6486
230 0 2 0.0 20.5772 26.5772 61.6486
231 0 2 0.0 21.469 25.6855 62.4925
232 0 2 0.0 22.3608 24.7938 61.6486
233 0 2 0.0 19.6855 27.469 62.4925
234 0 2 0.0 18.7938 28.3608 61.6486
235 0 2 0.0 22.3608 28.3608 61.6486
236 0 2 0.0 23.2525 23.902 62.4925
237 0 2 0.0 24.1442 26.5772 61.6486
238 0 2 0.0 25.036 25.6855 62.4925
239 0 2 0.0 26.8195 23.902 62.4925
240 0 2 0.0 25.9278 24.7938 61.6486
241 0 2 0.0 27.7112 26.5772 61.6486
242 0 2 0.0 23.2525 27.469 62.4925
243 0 2 0.0 26.8195 27.469 62.4925
244 0 2 0.0 25.9278 28.3608 61.6486
245 0 2 0.0 28.603 25.6855 62.4925
246 0 2 0.0 30.3865 23.902 62.4925
247 0 2 0.0 29.4948 24.7938 61.6486
248 0 2 0.0 30.3865 27.469 62.4925
249 0 2 0.0 29.4948 28.3608 61.6486
250 0 2 0.0 13.4432 30.1442 61.6486
251 0 2 0.0 14.335 29.2525 62.4925
252 0 2 0.0 17.0102 30.1442 61.6486
253 0 2 0.0 12.5515 31.036 62.4925
254 0 2 0.0 14.335 32.8195 62.4925
255 0 2 0.0 16.1185 31.036 62.4925
256 0 2 0.0 15.2268 31.9278 61.6486
257 0 2 0.0 17.0102 33.7112 61.6486
258 0 2 0.0 17.902 29.2525 62.4925
259 0 2 0.0 20.5772 30.1442 61.6486
260 0 2 0.0 21.469 29.2525 62.4925
261 0 2 0.0 17.902 32.8195 62.4925
262 0 2 0.0 19.6855 31.036 62.4925
263 0 2 0.0 18.7938 31.9278 61.6486
264 0 2 0.0 20.5772 33.7112 61.6486
265 0 2 0.0 21.469 32.8195 62.4925
266 0 2 0.0 22.3608 31.9278 61.6486
267 0 2 0.0 24.1442 30.1442 61.6486
268 0 2 0.0 25.036 29.2525 62.4925
269 0 2 0.0 27.7112 30.1442 61.6486
270 0 2 0.0 23.2525 31.036 62.4925
271 0 2 0.0 24.1442 33.7112 61.6486
272 0 2 0.0 25.036 32.8195 62.4925
273 0 2 0.0 26.8195 31.036 62.4925
274 0 2 0.0 25.9278 31.9278 61.6486
275 0 2 0.0 27.7112 33.7112 61.6486
276 0 2 0.0 28.603 29.2525 62.4925
277 0 2 0.0 28.603 32.8195 62.4925
278 0 2 0.0 30.3865 31.036 62.4925
279 0 2 0.0 16.1185 34.603 62.4925
280 0 2 0.0 17.902 36.3865 62.4925
281 0 2 0.0 19.6855 34.603 62.4925
282 0 2 0.0 18.7938 35.4948 61.6486
283 0 2 0.0 21.469 36.3865 62.4925
284 0 2 0.0 22.3608 35.4948 61.6486
285 0 2 0.0 23.2525 34.603 62.4925
286 0 2 0.0 25.036 36.3865 62.4925
287 0 2 0.0 26.8195 34.603 62.4925
